-5.652153923919026601e-01 9.693364017990896420e-01
-9.977240186368052655e-01 1.087832420640589159e+00
3.855217911419614452e-01 1.121994949077942838e+00
-1.211838668709884548e+00 -1.182109306487407197e-01
-1.299625027462385951e+00 7.201391035843702770e-01
-1.069681657872461722e+00 7.933099485707771903e-01
-5.115953570649010018e-01 1.158785272865006988e+00
1.593251574675723413e-03 9.888822507574590581e-01
-1.211836070636102880e+00 -1.182066474852511290e-01
2.029045207439003073e-01 1.000259437006390195e+00
-2.156310222737856941e-01 6.857179182929151740e-01
-1.224393430314755227e+00 5.473728930608277032e-01
-9.523260877621483877e-02 1.306973944004140575e+00
-7.146021151767583124e-01 3.134309460333628561e-01
-1.483481011312359321e+00 1.159803134326044677e-01
3.489800116246592754e-02 1.198416387797097471e+00
-4.748250091000713602e-01 1.055310756471146583e+00
5.213125690953555047e-01 9.281602094576101303e-01
7.318062639214277798e-01 -8.408673338510307405e-01
1.562815580263403836e+00 -3.875613846180468447e-01
-6.483349927185123596e-01 -1.051116448387114710e+00
3.232641360017468601e-01 -1.151696236499947457e+00
1.279983289658095824e+00 -6.400289902393067054e-01
1.562815873431142810e+00 -3.875586692389333399e-01
1.472330104689529295e-01 -6.627700837207899376e-01
9.689775067032251332e-01 -6.431055370271953064e-01
-4.382781056603755054e-01 -1.428886565441241041e+00
5.816044831792903380e-02 -1.035112833458917470e+00
1.342629952196155330e+00 -4.033145975715055065e-01
5.633391607574060878e-01 -1.154578514560110181e+00
1.562823683017607657e+00 -3.874863089853939901e-01
-3.443725774559543429e-01 -7.702950103760828338e-01
8.630229194978966678e-01 -1.950336792690833820e-01
-1.419928081983905799e-01 -8.800542711456752487e-01
-1.613747541757052373e-01 -3.196720431204823631e-01
5.434280407598590656e-01 -9.366191581411775768e-01
1.535046292241178667e-01 -4.797279090653043809e-01
